Name: 土木工程学院2018级港口航道与海岸工程专业编号：03064
Courses: 20
Rooms: 10
Days: 5
Periods_per_day: 6
Curricula: 13
Constraints: 0

COURSES: 
course_name teacher_name num_of_lectures min_working_days(soft, less important) num_of_students
03005401 01008 1 1 34 
03005501 02107 1 1 34 
03005701 07134 1 1 34 
03005901 05233 1 1 34 
03006201 16008 1 1 34 
03033701 00016 1 1 34 
03043801 02036 1 1 41 
03046901 00016 1 1 34 
03047101 02107 1 1 34 
03047501 07134 1 1 34 
03048401 10135 1 1 34 
03055701 07134 1 1 34 
03135401 05240 1 1 60 
03135501 12224 1 1 30 
03135502 91059 1 1 30 
03135601 00120 1 1 51 
03135701 05203 1 1 60 
03135702 03037 1 1 60 
15025101 05098 1 1 78 
15025901 86709 1 1 100 

ROOMS: 
room_name room_capacity
room1 150
room2 50
room3 60
room5 100
room6 150
room7 60
room8 100
room9 150
room10 100

CURRICULA: 
curricula_name num_of_courses_per_curricula n_courses for a group that cannot be set on the same time 
q0 2 03135501 03135502 
q1 2 03135701 03135702 
q2 18 03005401 03005501 03005701 03005901 03006201 03033701 03043801 03046901 03047101 03047501 03048401 03055701 03135401 03135502 03135601 03135702 15025101 15025901 
q3 19 03043801 03135502 03135601 15025101 15025901 03135401 03135701 03135702 03005401 03005501 03005701 03005901 03006201 03033701 03046901 03047101 03047501 03048401 03055701 
q4 8 03043801 03135601 03135401 03135501 03135701 03005501 03005901 03047101 
q5 13 03135502 03135601 03135501 03005401 03005501 03005701 03006201 03033701 03046901 03047101 03047501 03048401 03055701 
q6 7 15025901 03135702 03005501 03005701 03047101 03047501 03055701 
q7 4 15025101 15025901 03005401 03006201 
q8 8 03043801 03135701 03135702 03005701 03005901 03047501 03048401 03055701 
q9 3 03135502 15025101 15025901 
q10 5 03135401 03135501 03005701 03047501 03055701 
q11 6 03135502 15025101 03135401 03135701 03005901 03048401 
q12 5 03043801 15025901 03006201 03033701 03046901 

UNAVAILABILITY_CONSTRAINTS: 
course_name day period day_and_period pair for teacher's unavailability 

END.