Name: 数学科学学院2018级数学与应用数学(创新实验区)专业编号：12202
Courses: 13
Rooms: 10
Days: 5
Periods_per_day: 6
Curricula: 4
Constraints: 83

COURSES: 
// course_name teacher_name num_of_lectures min_working_days(soft, less important) num_of_students  credit
12208401 ['02017'] 2 2 75 3.0 
12210201 ['88032'] 2 2 75 3.0 
12214901 ['92094'] 2 2 70 3.0 
12215001 ['05049'] 2 2 130 3.0 
12222301 ['05139'] 2 2 150 3.0 
12228001 ['86146'] 2 2 90 2.0 
12228201 ['02017'] 2 2 75 4.0 
12228401 ['14159'] 2 2 78 4.0 
12228501 ['01064'] 2 2 50 4.0 
12228502 ['10023'] 2 2 40 4.0 
12228601 ['14123'] 2 2 110 3.0 
12229801 ['86146'] 1 1 78 0.0 
12230301 ['02017'] 2 2 80 3.0 

ROOMS: 
// room_name room_capacity
A 30
B 30
C 30
D 50
E 50
F 70
G 70
H 100
I 100
J 200

CURRICULA: 
// curricula_name num_of_courses_per_curricula n_courses for a group that cannot be set on the same time 
q0 2 ['12228501', '12228502'] 
q1 5 ['12208401', '12228001', '12228201', '12229801', '12230301'] 
q2 3 ['12208401', '12228201', '12230301'] 
q3 2 ['12228001', '12229801'] 

UNAVAILABILITY_CONSTRAINTS: 
// course_name day period day_and_period pair for teacher's unavailability 
12228001 0 1
12228001 0 2
12228001 0 3
12228001 0 4
12228001 0 5
12228001 1 0
12228001 1 1
12228001 1 2
12228001 1 3
12228001 1 4
12228001 1 5
12228001 2 0
12228001 2 2
12228001 2 3
12228001 2 4
12228001 2 5
12228001 3 0
12228001 3 1
12228001 3 2
12228001 3 3
12228001 3 4
12228001 3 5
12228001 4 0
12228001 4 1
12228001 4 2
12228001 4 3
12228001 4 4
12228001 4 5
12228502 0 0 
12228502 0 2 
12228502 0 3 
12228502 0 4 
12228502 0 5 
12228502 1 0 
12228502 1 2 
12228502 1 3 
12228502 1 4 
12228502 1 5 
12228502 2 0 
12228502 2 2 
12228502 2 3 
12228502 2 4 
12228502 2 5 
12228502 3 0 
12228502 3 2 
12228502 3 3 
12228502 3 4 
12228502 3 5 
12228502 4 0 
12228502 4 2 
12228502 4 3 
12228502 4 4 
12228502 4 5  
12228601 0 2
12228601 0 3 
12229801 0 0
12229801 0 1
12229801 0 2
12229801 0 3
12229801 0 4
12229801 0 5
12229801 1 0
12229801 1 1
12229801 1 2
12229801 1 3
12229801 1 4
12229801 1 5
12229801 2 0
12229801 2 1
12229801 2 4
12229801 2 5
12229801 3 0
12229801 3 1
12229801 3 2
12229801 3 3
12229801 3 4
12229801 3 5
12229801 4 0
12229801 4 1
12229801 4 2
12229801 4 3
12229801 4 4
12229801 4 5


END.