Name: 测绘与地理信息学院2018级测绘工程专业编号：03044
Courses: 15
Rooms: 10
Days: 5
Periods_per_day: 6
Curricula: 13
Constraints: 0

COURSES: 
course_name teacher_name num_of_lectures min_working_days(soft, less important) num_of_students
02024101 15156 1 1 150 
03035701 19010 1 1 60 
03035801 10109 1 1 60 
03036301 12115 2 2 60 
03501501 12101 2 2 60 
57000201 13103 2 2 46 
57000202 19013 2 2 46 
57000701 86095 1 1 50 
57003101 14172 1 1 46 
57003102 14172 1 1 46 
57003501 06099 1 1 50 
57003601 99077 1 1 60 
57005401 94067 2 2 46 
57005402 12095 2 2 46 
57005701 10109 1 1 60 

ROOMS: 
room_name room_capacity
room1 150
room2 50
room3 60
room5 100
room6 150
room7 60
room8 100
room9 150
room10 100

CURRICULA: 
curricula_name num_of_courses_per_curricula n_courses for a group that cannot be set on the same time 
q0 2 57000201 57000202 
q1 2 57003101 57003102 
q2 2 57005401 57005402 
q3 3 57000202 57003102 57005402 
q4 11 03035701 03035801 03501501 57000201 57000202 57000701 57003501 57003601 57005401 57005402 57005701 
q5 5 03036301 03501501 57003101 57003102 57005402 
q6 11 02024101 03035701 03035801 03036301 03501501 57000201 57000202 57003101 57003102 57005402 57005701 
q7 4 57003101 57003102 57003601 57005401 
q8 2 57000201 57000202 
q9 9 03035701 03035801 57000202 57000701 57003501 57003601 57005401 57005402 57005701 
q10 3 57003101 57003102 57005401 
q11 4 02024101 03036301 57000701 57005402 
q12 4 02024101 57000701 57003501 57005401 

UNAVAILABILITY_CONSTRAINTS: 
course_name day period day_and_period pair for teacher's unavailability 

END.