Name: 环境科学与工程学院2018级环境工程专业编号：05014
Courses: 22
Rooms: 10
Days: 5
Periods_per_day: 6
Curricula: 18
Constraints: 0

COURSES: 
course_name teacher_name num_of_lectures min_working_days(soft, less important) num_of_students
03057101 89077 2 2 150 
05001101 08137 1 1 30 
05001102 08137 1 1 30 
05001106 08137 1 1 30 
05006801 04218 1 1 45 
05028901 92606 2 2 72 
05029001 11158 2 2 72 
05029301 90115 1 1 45 
05030901 10061 1 1 45 
05032101 87164 2 2 72 
05032201 06120 1 1 36 
05032202 06120 1 1 36 
05032301 11031 1 1 18 
05032302 11031 1 1 18 
05032303 11031 1 1 18 
05032304 11031 1 1 18 
05032501 08059 1 1 45 
05035201 16017 1 1 45 
05035601 08059 2 2 72 
05036401 99004 1 1 45 
05036501 87164 1 1 45 
05036601 91027 1 1 45 

ROOMS: 
room_name room_capacity
room1 150
room2 50
room3 60
room5 100
room6 150
room7 60
room8 100
room9 150
room10 100

CURRICULA: 
curricula_name num_of_courses_per_curricula n_courses for a group that cannot be set on the same time 
q0 2 05001102 05001101 
q1 2 05001102 05001106 
q2 2 05032201 05032202 
q3 2 05032302 05032301 
q4 2 05032302 05032304 
q5 2 05032303 05032301 
q6 2 05032303 05032304 
q7 11 03057101 05001101 05028901 05029001 05032101 05032202 05032301 05035601 05036401 05036501 05036601 
q8 19 03057101 05001101 05001102 05001106 05006801 05028901 05029301 05030901 05032201 05032202 05032301 05032302 05032303 05032304 05032501 05035201 05035601 05036401 05036601 
q9 5 05006801 05028901 05032201 05032202 05036601 
q10 17 05001101 05001102 05001106 05006801 05029001 05029301 05030901 05032101 05032201 05032202 05032301 05032302 05032303 05032304 05035201 05036501 05036601 
q11 8 03057101 05001101 05001102 05001106 05032101 05035201 05036501 05036601 
q12 10 03057101 05001101 05001102 05001106 05006801 05029001 05032101 05032501 05035601 05036501 
q13 7 05001101 05001102 05001106 05032301 05032302 05032303 05032304 
q14 7 03057101 05028901 05029301 05032501 05035601 05036401 05036601 
q15 4 05006801 05032101 05036401 05036501 
q16 4 05029001 05029301 05032501 05035601 
q17 7 05028901 05030901 05032101 05032201 05032202 05035201 05036501 

UNAVAILABILITY_CONSTRAINTS: 
course_name day period day_and_period pair for teacher's unavailability 

END.