Name: 环境科学与工程学院2018级给排水科学与工程专业编号：05024
Courses: 13
Rooms: 10
Days: 5
Periods_per_day: 6
Curricula: 14
Constraints: 0

COURSES: 
course_name teacher_name num_of_lectures min_working_days(soft, less important) num_of_students
03057101 89077 2 2 150 
05001103 08137 1 1 30 
05001104 08137 1 1 30 
05001106 08137 1 1 30 
05004801 05045 1 1 73 
05008401 08057 1 1 73 
05011501 04218 2 2 37 
05011502 06088 2 2 36 
05025001 05166 1 1 73 
05027401 12193 1 1 46 
05035501 03025 1 1 73 
05037401 04218 1 1 45 
05037501 03025 1 1 45 

ROOMS: 
room_name room_capacity
room1 150
room2 50
room3 60
room5 100
room6 150
room7 60
room8 100
room9 150
room10 100

CURRICULA: 
curricula_name num_of_courses_per_curricula n_courses for a group that cannot be set on the same time 
q0 2 05001103 05001104 
q1 2 05001103 05001106 
q2 2 05011501 05011502 
q3 9 03057101 05001104 05004801 05008401 05011502 05025001 05035501 05037401 05037501 
q4 12 03057101 05001106 05001103 05001104 05004801 05008401 05011501 05011502 05025001 05035501 05037401 05037501 
q5 5 05011501 05027401 05035501 05037401 05037501 
q6 7 05001106 05001103 05001104 05011501 05025001 05027401 05037401 
q7 5 03057101 05001106 05001103 05001104 05008401 
q8 8 03057101 05001106 05001103 05001104 05008401 05011501 05011502 05037401 
q9 6 05001106 05001103 05001104 05027401 05035501 05037501 
q10 2 03057101 05027401 
q11 3 05004801 05011501 05037401 
q12 5 05004801 05008401 05025001 05035501 05037501 
q13 2 05011502 05025001 

UNAVAILABILITY_CONSTRAINTS: 
course_name day period day_and_period pair for teacher's unavailability 

END.